493635
2555040
3949570
4329580
5880512
6135811
6896230
7979396
8060143
9019261
10108748
11355565
13620039
14715063
16176444
18524304
19282514
19428291
21514417
22387991
22901826
24555120
24562277
25027374
25379835
25798369
26857730
29077481
30500619
31167631
32518076
32783156
32853338
32882711
32995765
33966818
34307861
36184819
37300487
38109689
38240864
39405568
39786478
43308684
44102902
44329769
47016368
48111280
48297710
48360991
49607716
51402937
53995660
54780245
55844113
55887230
56951712
57854438
58184463
58559861
60067317
61847993
64680282
65741950
66047888
69147390
70693809
70857178
71077781
71312709
71911234
72821628
73003916
74179228
74748131
75318351
76294251
79212442
81207892
82795651
83366702
85285189
85359603
86279461
86753095
87876718
88568799
88836126
88951353
89535972
93083308
93422767
93715635
95735689
96226317
96415041
97712548
97936698
99379012
102499457
103296525
103629934
104294677
105155377
105461012
107427007
107871940
109570322
111011667
111952025
112717194
113224479
114024737
114117127
114130400
114383193
117907432
118822332
119713424
120823381
121855833
122675663
123946439
124203031
124354497
124805306
126617011
127491529
127656391
127662583
128566173
128961132
129030995
129364017
131858433
132969789
134021234
137741707
139931295
142311739
143179721
144769172
146565166
147154948
148517005
151400575
152882169
153050113
153687578
153838239
153979953
155683986
156144299
159216450
159885102
160113186
160262729
160675560
160887612
160929464
161058339
162237601
163853209
165412753
167023947
167267422
167963283
169667071
170932363
171121437
171732882
171873310
173294686
174788775
175765620
176178845
176428366
176487595
176653030
178783407
179449200
180245019
181168915
181928940
181951981
182651375
183264423
184935900
186417303
187338124
188405198
189078796
190705081
192118535
192156786
192866729
193715267
194120969
195610450
195847627
199087140
199103559
199520047
200263376
201556784
201873991
202236408
203824237
204689727
205966443
206292473
206680256
206894045
207152592
208085535
208988976
210141552
212815699
213780707
214310044
214445560
214763799
215110164
215226960
217186779
217504199
218045411
218257334
222388031
222465711
222823667
223620980
224154126
224971966
225303796
226153802
226404936
227252455
227612898
227807972
228462301
228507307
229103138
229178044
229808036
230750101
230852185
230948712
233820599
236575158
238920246
240311269
242333437
244136735
245792633
246773731
246815890
247569604
248094663
249345049
250685788
250711489
251211862
252280287
254100484
256504584
259336207
260057671
260900705
263001282
263097738
263264688
263975060
265792309
266101092
266326028
266854335
268217794
268930574
269252220
270018269
270111818
270648450
271002824
274280065
275175505
275899659
276777994
276932129
280032914
281994652
282668514
283439926
284441461
284467176
284713201
285057975
285632354
287605006
288014542
288252246
289544161
291667753
292661193
296606870
296654540
297614052
298079781
299213240
303980487
305133195
305725952
306318253
309221185
309441379
309572275
310675065
315168124
315206261
316531005
317441003
317894398
318252160
319330530
319829501
320145446
321228832
323793127
323939530
324094753
324272352
324478350
324579649
327048885
327180191
328346016
328437959
328694131
328839807
330257329
330400743
330567803
332526671
332782844
333688568
334394593
334649176
334998030
335358648
338417743
338839377
341275645
341601152
344328377
344773336
345617753
346542561
349265525
352006943
353161044
353704291
353747639
353790060
354931689
355718251
355823198
356371222
360424092
360977826
361324981
364790575
365072775
365662870
366506410
366715635
366761767
367338536
368848044
370166328
372641652
374356865
374630724
375095836
375510411
375698972
375984723
377459556
378400587
378790496
379041758
379165325
379233639
379272074
379386306
379696039
381441621
384271049
385279718
386469609
389068950
390608052
391137169
391935009
392684432
392824603
393982645
394332204
394500108
394752522
395410396
396192007
396275655
396449112
396578536
397676612
397794887
398434276
398492312
401272337
401935884
403542874
403669375
404036916
404460492
406407010
407441053
409313776
410392056
412796340
413002153
414347866
414405118
415496411
415794085
416010280
418611285
418836381
419604828
420026380
420154172
422323842
423178143
423200672
423812109
425734672
426154838
428008372
429550651
429678597
431595722
431924158
432475449
433402578
433788896
436016161
436026637
437227527
439871047
441078837
443104009
443496976
443538662
445192382
448377389
449286756
449573166
450828984
453402926
453485335
454584726
455114994
455534881
455745165
456504915
457793826
458396438
460132476
460295883
460461136
461185475
461254755
461985087
463028656
463037867
465128843
465743800
465901215
466255458
467538547
467588670
468462623
469074054
470979306
472749127
473178862
474912487
475460318
476805294
478332212
478439040
480920854
481200375
481474395
482831355
483749175
487912198
488426990
489583708
489944455
491079436
491311846
491602298
492315657
492888958
492990099
494472862
494576860
496370564
497538206
499922193
501105023
503584200
503871106
503992030
504040967
504319582
505213913
505445603
506780137
507462231
507728916
508362450
508723504
510503716
511071947
511223237
511389019
513168092
513413032
513695013
517996746
518930391
520460932
520718243
522550723
525084293
525138444
526460407
526655921
526659969
526951843
528872789
529671221
530117536
530413552
531005752
531186623
531972338
532150203
532378423
533122160
533283694
533300680
534442183
536498869
537148940
538199901
539393682
539771574
540120423
540830388
540905958
541671087
541705120
542173286
543006732
543448512
544049516
544169025
544431932
545718800
547153224
547906233
550556892
551277875
552715603
553357265
553619872
557074438
557440809
557544036
559928682
560799485
560924772
561177191
561274306
561654990
562885260
563827740
565673663
566375559
567114095
567184737
570237420
572730654
574110574
574369987
574458189
574458834
575690374
575879991
575948306
576304681
576662608
578174574
578837954
579676784
579682985
580330545
582006939
582510355
582564699
585796046
586562786
588763851
589153547
589472338
589730479
590504883
590692133
593439980
593693736
593949145
595066164
595455230
596021305
596612084
596687061
598031634
598033266
598697458
601271277
601637789
602388000
604970855
605504864
606081605
607531395
610726644
610864295
610939340
611526249
612462548
613659627
614027870
619726228
622497346
623095170
624526222
625153642
625987384
627692213
627912205
628788386
630172200
631077757
631303298
634744246
634866429
635762199
635768116
635797625
636505212
639010753
639997595
640167821
640279588
641265616
642352419
644752707
645324733
645366773
645841364
647010599
651649344
652491015
652663724
653052408
654591985
654666386
659082866
659086942
659203294
659323245
659713676
659915805
660013848
661006778
661069356
662978774
664851625
665433992
666889681
668255616
669861556
670232771
670751683
671969512
673245875
673311301
674996531
676333488
677054682
678948668
681047123
682161738
683905970
683988851
685173706
685225708
685414018
685622324
686806720
687044035
689085077
689669445
690592169
690693235
691723124
692380247
692432234
693684688
694818921
695117074
696062423
696573895
697201544
697222142
697762709
698280034
700598324
701398964
701512374
702298242
705238165
705470370
707403064
707620629
710532515
711950748
712688571
713676935
714393604
714542537
714719915
714896120
714965367
715377679
716707933
718881604
719405282
719447167
719977845
721901632
722564521
730268733
730657014
731570639
731838010
733862369
734057103
734080858
735072636
735923294
737274347
737297034
739014484
739932351
743788536
744416632
745229336
745946708
746141697
748103164
749050303
749275015
749511949
749850039
752198951
752944248
755080018
757963450
760070455
760480275
760559592
764126416
767246722
767475957
767725206
767863989
768291506
768933562
769197282
769496858
769647662
770365160
771615803
775957896
776370947
777136448
777578799
777867055
777919478
779615419
779869572
780231214
781224894
781506669
781668293
782247960
783624029
783862156
784129333
785547928
787002692
787666392
788310404
790575660
790607258
791288045
792346799
793305307
793359746
794075766
795345607
796027126
797466160
797811749
801970439
802085220
805243891
805907689
806149845
809178476
809232162
811874613
813359193
815187354
820163579
821090254
822415252
823039358
825884159
829826308
829832087
829884250
830423598
832251985
832656370
836540151
837607823
838154411
838199563
838633528
839165941
839883933
841400919
841719795
843118242
843533856
843796287
844014161
846159431
846425841
848964731
849168142
850094840
853436350
853629469
854374048
855813758
857326538
858177850
859578790
860017005
861166977
861322054
861340007
863568072
865293615
865582889
867276923
867313144
867615673
867783363
868703585
869750062
870157850
870499698
870695727
870863911
871086575
872031026
873027945
873080251
874398095
875628961
876922385
877173783
878782504
882405763
882916273
883428419
883678675
884421337
885633004
885645505
886864161
888668749
889037111
889637178
892619821
892997101
893507041
894737242
896709130
897572608
900593607
901309372
901619873
901925118
903266351
903610651
903897046
904581196
905320729
905321001
908628803
909376293
909599590
909809039
909970381
910752779
911036511
911385576
911591581
913107274
914681206
915688282
917680587
919372312
920246367
920364831
922164491
922422984
922810590
923251548
923332948
923414611
924341697
926577703
927149723
927497314
927773537
928808388
928993262
929339710
929845413
931757916
932221628
932767105
932992956
933318340
934826588
935079498
935304850
935410028
935822835
936820564
937183917
937912109
938185115
939315099
939679689
941260853
941931226
942852083
945707972
946198096
947631501
947981515
948502683
949094423
951993812
953116974
954189341
955703208
957087949
957168635
957649094
958367296
959841832
961707410
962116231
962288155
963232701
963275263
963653213
963659391
963814320
966601511
966641727
967557410
968300989
970200205
974379612
974626634
975143805
975820490
976195444
976269760
976462374
977234088
977423379
978434823
979998241
982680497
982921251
982980631
983704626
984265257
984630747
985717079
990077216
992225061
994117321
994961143
994976480
995899183
996156772
997518482
997522594
997712656
998082032
998784643
999895567
1000326471
1001132420
1001431659
1001802779
1002065319
1003738510
1004117705
1006107706
1006667497
1008684124
1009742208
1011015321
1011092756
1012510959
1012767989
1013373147
1013463217
1014954216
1015180965
1015857287
1017355485
1020474872
1020808838
1020992779
1021116589
1025103151
1026155196
1027348060
1031049991
1031165557
1031401429
1032319006
1033158397
1034893156
1035068881
1035144049
1037066918
1040437773
1040823952
1042754404
1043301248
1044338902
1045562587
1045831749
1046431951
1046828751
1047255974
1048515013
1048828312
1050269085
1053264007
1053812875
1054050304
1056354672
1056720576
1057531061
1058500148
1059019724
1060351313
1060899693
1061188224
1061260323
1061491685
1061529698
1061795146
1062401997
1063442803
1063787268
1064168672
1065986184
1066576688
1070518494
1070752411
1071992229
1073674640
1075499837
1075511465
1077762141
1080300977
1080596688
1081852756
1083270324
1085078161
1085722719
1088101987
1089372659
1091085416
1091583435
1093611862
1095594016
1095617479
1095768177
1096166994
1096866060
1097856937
1098496682
1098698359
1101050886
1101288242
1101530541
1101647211
1102368068
1102468606
1102790036
1103776700
1103950922
1105951253
1106888963
1107298634
1109540683
1112072171
1112492930
1112829690
1112932144
1113816482
1114022540
1114709188
1116811582
1116868998
1117107789
1117642315
1118484647
1119951554
1121316197
1121534860
1123971707
1124521215
1124529801
1126634543
1127863823
1128094832
1128327291
1129519556
1131245596
1134216113
1135248817
1135821034
1137092113
1137430764
1137811362
1137873180
1138520458
1138580156
1140233942
1141972068
1143828446
1145126381
1145470195
1149354834
1149810590
1151122892
1151723130
1152296144
1152724392
1153713934
1153754003
1154663364
1156128555
1156745694
1158748706
1159503526
1160534281
1161178597
1161508986
1163044815
1163213119
1163414738
1163589523
1164457827
1165163786
1165744188
1166926338
1167322485
1167918192
1167957039
1169112554
1172026955
1172397249
1172584445
1175444862
1175527173
1176111491
1177037901
1177274277
1179258778
1180462932
1180512374
1180620248
1181725890
1182797487
1183512955
1183875614
1184856223
1185303729
1187946855
1189599294
1189703238
1190776218
1192611828
1193066037
1198067442
1201512254
1202134392
1203334691
1203471874
1203520121
1204253416
1205612180
1205746063
1205939369
1206453222
1206844972
1208034537
1208991632
1209427359
1209879713
1211050637
1211091221
1211344919
1212494746
1213906989
1213964360
1214349168
1215951220
1218252316
1218275906
1219465035
1221400272
1221657327
1221760676
1222159773
1222505151
1222749087
1224117375
1224204045
1227625736
1228074149
1229997918
1230449707
1230916729
1231814006
1233943772
1236432858
1242582570
1243765982
1245676078
1247491315
1247863557
1249394405
1250311118
1253928063
1254297401
1255414500
1257477850
1259422229
1261412956
1261650215
1263419408
1263812655
1263855975
1263913563
1264897326
1265277982
1266192341
1266846013
1266918231
1268030518
1268144606
1268900791
1268972755
1269715472
1273345474
1275152352
1276077125
1278786039
1278826988
1279220121
1279391680
1279880183
1280211354
1280478884
1281333915
1281341990
1281543004
1282097287
1284763076
1285557027
1285869812
1286613717
1287445760
1289293831
1290065253
1290679852
1291520206
1291883289
1292466426
1292984947
1295151546
1295155693
1296411402
1297564247
1300710704
1301276068
1301396576
1301619929
1301858509
1302307768
1303005381
1304352717
1307431009
1309097633
1310851877
1311328316
1311351637
1311760523
1312584252
1312770273
1314025773
1314078183
1314849792
1316128921
1320796248
1321911867
1323532860
1324377800
1324561120
1324810757
1327472953
1328947286
1330387510
1330510117
1331803894
1332877926
1332987448
1335713844
1336524109
1336939734
1337741536
1339706155
1339880697
1341290334
1341626053
1342597975
1343182966
1343896153
1344888645
1346652165
1347251992
1350268606
1350474741
1350861501
1351120764
1351226120
1354722888
1355530032
1356224542
1358860133
1361299984
1363922099
1366335390
1366455160
1367347699
1367641178
1368426909
1368713084
1368982177
1369234110
1369777237
1370531998
1370875215
1373247087
1373774146
1375999121
1377672328
1377672727
1377995858
1379221435
1379608915
1381012701
1381076432
1382052465
1382214439
1383584605
1384657790
1384735551
1385125001
1387737588
1389299294
1390015973
1390461065
1391097189
1392723635
1392842453
1393162391
1394989689
1396136341
1396164366
1399458067
1400737778
1401235671
1404464959
1405502362
1406796989
1406938587
1407212702
1408255437
1409472387
1409586722
1409624955
1410737222
1411594619
1412911269
1413777423
1414076770
1414145033
1414296153
1414477390
1414648277
1415703346
1417209774
1417391440
1417841662
1419734540
1420597460
1421428635
1422172313
1423151198
1423302335
1425082894
1426307143
1427158475
1430259320
1430681238
1430874630
1431124936
1432290745
1432700401
1433382686
1433626104
1433855926
1434406008
1435664906
1437335418
1438114952
1438488478
1438579434
1438966738
1438980337
1439012284
1439854125
1441647001
1442839615
1444276199
1444477461
1444498070
1444740398
1445102706
1445227890
1446410283
1446750195
1447350979
1448700871
1449758950
1454048514
1454537313
1455977058
1456205943
1457726389
1458012649
1460310285
1461929910
1462075223
1462595863
1465353103
1466313061
1468813690
1469269610
1472025878
1472601201
1472644536
1473504484
1474302035
1475105657
1475331192
1475907699
1476997234
1477263428
1478772096
1483617223
1483783167
1484463391
1484838499
1485227549
1488445846
1489971498
1489984255
1490424659
1491082135
1491387062
1491650935
1492362768
1492708364
1493128192
1496060187
1496485712
1497363624
1499789202
1500476942
1500646454
1500729470
1500913454
1501092885
1501260143
1501566376
1501957654
1503103866
1503142490
1504601677
1504630331
1506052207
1506334072
1508273412
1508460091
1509682505
1509698887
1509727043
1509846471
1510607101
1511394521
1512493305
1512598842
1513028660
1514541952
1514576297
1520156890
1520259516
1520788289
1521102762
1521177268
1522237185
1522418667
1522619687
1522659770
1523383243
1523762494
1524540817
1524959414
1524973113
1526055871
1526581027
1533511416
1536145079
1536661124
1537068068
1540125988
1543516295
1544697419
1545386841
1545412132
1546071441
1546694886
1547509104
1550175230
1554129694
1554618256
1556056989
1557123723
1557483505
1559545861
1559605474
1561533341
1562813149
1564092376
1564325037
1564539797
1566269436
1566290720
1570690352
1571088402
1571736896
1572570962
1572594144
1572648088
1572726992
1573222943
1573790786
1574725363
1575285254
1576332159
1579063618
1579860327
1579954457
1582610711
1583073345
1584039847
1584544901
1584893240
1585462749
1586068815
1586958159
1586958785
1587076169
1587101745
1588633211
1589810284
1591267479
1591524417
1593442062
1594494248
1594546021
1594663384
1596255427
1596831794
1597094794
1597380268
1598494122
1598560002
1598837156
1599207031
1599884992
1600084941
1601025661
1602403964
1602866847
1603887228
1605011575
1605528970
1606535795
1607766079
1609485473
1609908777
1610618183
1610731847
1611030004
1614381455
1614968292
1615764187
1615982798
1616294352
1617641830
1617911146
1618925574
1620119153
1620153373
1620637747
1622485849
1623091699
1623984651
1624518320
1624541741
1626787355
1626984968
1627381110
1627494923
1628305729
1630562370
1632881545
1633218444
1634407711
1634982152
1635318336
1636682067
1637691169
1638770060
1639524626
1639791429
1642084824
1642749212
1644893899
1645300811
1645313221
1646202973
1646932680
1647737412
1647823121
1647894894
1649189495
1649849824
1653894196
1654273112
1654952892
1655666011
1656121783
1657738360
1657751436
1659437241
1659511073
1659859265
1659922956
1660398705
1660527461
1663647218
1664098360
1666315651
1669573681
1671287639
1672170273
1672253274
1672465109
1675023943
1675083723
1675867352
1676796298
1677441180
1677979373
1678341789
1678495114
1678775794
1679531866
1680308030
1680481110
1680882064
1681473125
1683430613
1686753553
1687972778
1688608124
1690239823
1690771223
1690811274
1691349409
1696208833
1697686627
1698692213
1698743532
1698747730
1704362138
1705121450
1705246823
1705932308
1706064165
1706835438
1707220391
1707852582
1707963738
1708031725
1708931433
1708996218
1709570018
1710995254
1712374889
1712724657
1713115477
1715774425
1715821617
1715903810
1717536417
1718219905
1718378178
1718857857
1718884854
1719852197
1719932527
1720673585
1720945904
1724061567
1725028321
1725863971
1726922584
1727783824
1727838612
1728358911
1728617825
1730060619
1730747180
1731322981
1732697748
1734356531
1737143998
1738771913
1742413263
1744140260
1746796548
1746801848
1746856667
1747948730
1750038277
1750401617
1750727650
1751784902
1752126418
1752303231
1752816353
1752927652
1753516015
1754569223
1754996740
1759863963
1762680378
1763855566
1763884185
1770545288
1771538451
1772371044
1772432516
1773787542
1776412094
1777559845
1778943843
1779954562
1780585828
1781288420
1781499330
1781937634
1782837444
1782993486
1783473207
1783613731
1784054094
1785983701
1786122184
1787249361
1788213601
1790692588
1791797763
1791863728
1792849676
1793108971
1793671572
1795007703
1795449399
1797547899
1797764818
1798817938
1799598730
1800121226
1800209849
1800435395
1800536469
1801270278
1802135935
1802930333
1803152885
1803915875
1806109939
1806769317
1807074783
1807315054
1808546266
1810020989
1812375740
1812824450
1812867304
1813113290
1813859849
1814044643
1814995812
1815484045
1815711874
1816569701
1816879881
1816882539
1817494754
1818710042
1818799500
1819181858
1820002869
1820053878
1820285185
1820926627
1821285682
1821777668
1823889093
1824566915
1825752467
1826140442
1826479091
1827029340
1827264213
1831345997
1831831366
1831938467
1832684995
1832704043
1833403502
1834057152
1835673066
1835784322
1835827850
1836465520
1838677581
1839364102
1839381241
1839647780
1841272229
1842570122
1842919298
1843118983
1845527305
1845917446
1845925636
1846214014
1847547794
1848150566
1848594189
1848807933
1850472912
1851110190
1853106186
1853336355
1853796818
1854847599
1857291405
1857959332
1858737354
1859372625
1859426988
1861670394
1862477002
1864549925
1864831836
1866428287
1866682369
1868572565
1868903350
1868912434
1869103862
1869319746
1870287165
1871856670
1872867444
1872882461
1873882772
1873949168
1876355756
1876870912
1878535284
1879155705
1879501157
1880382209
1880419651
1880483416
1880673383
1881599895
1881644422
1882453080
1884570924
1884935233
1885006122
1886107839
1886480037
1886752251
1887367536
1888571159
1890054493
1890159288
1890891556
1891532631
1894762114
1895430933
1895856360
1897692142
1897918410
1898358909
1899516307
1900234616
1900800880
1901120347
1901296515
1901509557
1902520981
1903232470
1903442238
1903528146
1904987383
1906749001
1906780587
1907258390
1907594065
1908093529
1908237664
1908581134
1909731057
1909839314
1910341286
1911501084
1913227189
1913381109
1914256578
1915139336
1915448016
1915852142
1915898193
1916051537
1916241223
1917256044
1917429476
1917529933
1917704735
1918492109
1918671399
1920082609
1920556485
1923840142
1924601959
1924909089
1926807361
1927141613
1927840244
1930648291
1931090599
1931353540
1932136278
1934179578
1934900995
1936811251
1938403449
1939643481
1940570256
1941422025
1941533982
1942231088
1942373269
1943406747
1947641460
1948322171
1950629681
1951696166
1951949434
1951991744
1952966036
1953227140
1953602481
1953711922
1953951940
1955484544
1956306475
1957653689
1957667691
1962422543
1963418960
1963654990
1963949028
1966563445
1969246909
1969769722
1971091383
1971270184
1971965826
1972650361
1974856054
1975246296
1976818010
1977591391
1977913963
1978854497
1980584363
1981772584
1983005041
1983239342
1983799045
1987135849
1987416050
1987640449
1987926955
1988683146
1988765202
1988769198
1989283269
1989556523
1990720727
1991147767
1992693649
1992898758
1993255017
1993752004
1994094546
1994600140
1994840178
1995425855
1996142662
1997769616
2002798854
2004524025
2006312436
2006864563
2007842727
2008842205
2009430777
2009813081
2009915640
2012244307
2012254653
2012676440
2014354047
2014758750
2015771871
2017547985
2017747479
2019136127
2019191658
2021725521
2022279792
2022841340
2023104744
2023650868
2023827559
2024022876
2024752830
2025457546
2026210002
2027524034
2027888552
2028305857
2028468152
2030309933
2031308651
2034995935
2035433711
2037562372
2038147553
2039355411
2041134120
2041261251
2042847094
2043626628
2043980086
2044066863
2044995164
2046353552
2046903482
2047759457
2050817082
2051934173
2052307495
2053304742
2053975379
2053978400
2054394061
2055834898
2056319230
2057334040
2059261168
2059329639
2059499434
2060195769
2060198198
2060656490
2064392325
2065350667
2067502406
2067578393
2068452248
2069420577
2070069972
2070400933
2072620383
2073107963
2073625532
2074830171
2076418273
2077323926
2077972908
2078675082
2079747698
2080408967
2082163030
2082473619
2082541391
2083055425
2083710263
2083909375
2084990614
2085033045
2085042138
2085720786
2086152688
2088239798
2088418825
2089029394
2089818944
2091203039
2092334798
2094451714
2094818479
2094915973
2095021721
2095047689
2096009928
2096158388
2096586508
2099397235
2100103445
2100881639
2102957596
2103972150
2104769201
2105522989
2106126201
2107160281
2109647726
2110318195
2112675940
2112757436
2114262613
2119517854
2120589362
2120871392
2121588616
2122092118
2123042297
2123209887
2123946371
2124177089
2124843046
2125181474
2125369032
2126958948
2127034710
2128361192
2128374797
2129217242
2129300922
2129463808
2129505973
2129755377
2130026623
2130756758
2132790883
2132805690
2133516005
2134570493
2135400367
2135536002
2136306794
2138037072
2138217974
2138524635
2139947271
2141158292
2143357087
2143513545
2145621975
2146072047
2146654975
2149135808
2149780108
2152791889
2154125408
2154916959
2155275751
2155694514
2155755271
2156377900
2156818571
2157690420
2158941202
2160423471
2161398821
2161896998
2163538866
2165234730
2166261130
2167941195
2168073908
2168317604
2169553713
2170586780
2175037728
2177531345
2178998622
2179265094
2179867237
2180123106
2180614270
2181061103
2181906090
2182579013
2183420943
2184402374
2185023962
2185101468
2185509710
2187379144
2189488809
2191244559
2191324813
2192584329
2194309530
2194586908
2194705980
2195661000
2196715030
2197470469
2197488334
2197844001
2197931443
2198043816
2198415097
2198424721
2198549076
2199472327
2204832600
2205615792
2205808282
2205829106
2206624189
2207281055
2209188303
2210186926
2211770968
2213850789
2214355359
2214695386
2215060994
2215905984
2216895723
2218467156
2219567782
2220024334
2220436731
2221100690
2222659175
2223294523
2224475895
2225246297
2226246625
2227342470
2227414085
2228670758
2229335896
2234193568
2234320052
2234326928
2235052848
2237225965
2237797647
2238423539
2240144877
2242595549
2243407401
2243465367
2245448026
2246525420
2246550563
2248650200
2249638829
2251134504
2251613736
2252653945
2253270759
2255113605
2257086258
2258883878
2260389737
2260483863
2260879207
2261462553
2261595697
2262253420
2264666887
2265094236
2266443432
2266968303
2271179394
2271374633
2273264161
2275041192
2275158293
2275210072
2277040726
2277949983
2277967879
2278528199
2278681562
2279031148
2279734518
2281392141
2282739369
2283106005
2284425272
2285951845
2287812928
2288743840
2288778616
2290926633
2292132676
2293624047
2294223700
2294798113
2295510645
2295780668
2296090984
2297268430
2298616076
2299189438
2299687466
2300991214
2301826858
2301876773
2302461811
2302600269
2303671211
2306137906
2307705885
2310242259
2311568308
2313456904
2313576942
2313579655
2314065200
2314108841
2316937977
2317471620
2318939855
2322201452
2323417877
2328327072
2328706676
2330002955
2330286350
2330699798
2331252055
2333333159
2334167375
2335452605
2335853710
2336936875
2338657479
2338667632
2338765757
2339186292
2339526489
2341501210
2341845187
2347071951
2350151054
2350968291
2351938027
2352160271
2352361800
2353209551
2353309632
2353535710
2354208489
2355607836
2355623038
2355754449
2356034378
2356213682
2357254710
2358198147
2358520307
2359329590
2359406293
2359531245
2360523157
2360723211
2360997074
2361430839
2363132969
2363284089
2363483922
2364063528
2364378092
2364414430
2365019638
2365773510
2366504868
2366734867
2367733034
2367757048
2368432622
2370029646
2370968994
2371085953
2371827844
2372588027
2374876024
2376576121
2376867068
2377118764
2377692297
2378123176
2379253990
2379675656
2380274118
2380460878
2380902920
2381174950
2381560705
2382164940
2382670537
2385676261
2386566806
2388560914
2390089157
2390301500
2390956439
2391782630
2393424048
2393725315
2394631602
2395480517
2395779182
2396138675
2396938451
2397388219
2398360034
2398939622
2399104662
2400890634
2401182283
2402003814
2402709462
2402947281
2403454852
2404400072
2407086600
2408407460
2409376244
2409394045
2410905895
2410927724
2411051462
2412224526
2414440824
2414650382
2415237234
2415590922
2415642971
2416023795
2416333009
2416677938
2419012716
2419222257
2420402388
2420636831
2421487296
2421942432
2422028432
2422239759
2423475105
2425074385
2425367443
2425962976
2428478417
2429378104
2430515222
2430922110
2431586052
2432264786
2433701551
2435074901
2435090858
2438536553
2439867725
2440418504
2442116565
2443116518
2443449045
2443818005
2444696304
2444946296
2445719854
2445849097
2446545936
2449348108
2450572734
2452328975
2452840175
2454198593
2454341683
2455103574
2455105865
2459512931
2459526337
2462948092
2463633742
2465120405
2465909908
2466406982
2466717564
2467010219
2467075956
2467136667
2467592013
2467650855
2468771456
2468961162
2469223852
2469659299
2469964896
2471035603
2473477063
2473806770
2475501133
2477113175
2478398508
2479013471
2479293281
2482123614
2482791022
2482801480
2483360692
2483941151
2484119707
2484165872
2485789552
2486316676
2487700897
2488711791
2490510101
2490943580
2491779851
2492971408
2492999659
2493045128
2493666721
2494146537
2495901908
2496218198
2497120688
2497594511
2498253713
2499032364
2499657463
2500057769
2500244867
2500419016
2500967232
2501685494
2503123569
2503286930
2503624339
2503784117
2504269832
2510589898
2511651774
2512176407
2512501799
2512642066
2512825723
2515178333
2518326890
2518992630
2520971594
2521471312
2521588013
2521886834
2523253904
2524281932
2524702209
2525267116
2526134481
2526589296
2526847535
2526869706
2527704721
2528587417
2529190173
2529543063
2529819248
2529924964
2530259485
2531373635
2531386029
2531555049
2531878432
2531950030
2532045671
2532949757
2534482979
2536765068
2537505597
2537556660
2538029870
2538211977
2539585601
2539948334
2540576246
2543945089
2546677482
2546728937
2547713877
2548381768
2548707389
2549565574
2550198268
2550233412
2551426508
2552245807
2553884700
2554408004
2554431705
2557925563
2559323469
2559419516
2559442649
2562001942
2562351618
2563324347
2563712255
2566056897
2566809248
2566828405
2569055118
2569155380
2569518833
2569913316
2570235202
2570385180
2570688492
2570730010
2571646657
2571689499
2572814906
2575108651
2575139941
2575726316
2577510036
2578310929
2579550242
2579688235
2580052760
2582261767
2583046012
2584014838
2584203086
2586494481
2586939720
2587020181
2587641559
2587747753
2588337167
2589047967
2589451442
2590295852
2593256743
2593584954
2596442250
2597959154
2598248859
2598888116
2598986256
2599297283
2599781330
2601206166
2601289197
2602942106
2605425868
2608118551
2608695226
2609282286
2611716608
2611947647
2613112263
2613167366
2613438388
2614544734
2616220387
2616390688
2616615175
2618768674
2620478867
2620594186
2620938912
2620987707
2621717940
2621934815
2622298258
2622627299
2622667134
2623424103
2624650568
2626077676
2629697611
2630786466
2630910595
2631003174
2631386013
2631987804
2632756722
2634089460
2634768991
2634807808
2635799666
2637808538
2638544100
2639087675
2645112710
2645129743
2646255481
2647088967
2647394787
2648966010
2649564748
2650226260
2650477562
2653522678
2654278856
2657882738
2658087914
2658391669
2659705205
2660836110
2661835849
2662891307
2663201237
2663305789
2663918504
2664041729
2668323150
2670256449
2670846728
2671579334
2671934481
2672878868
2672921752
2673704567
2674362676
2674489567
2675430105
2675458980
2675842415
2676077214
2676637765
2679509867
2679737741
2680448254
2683734171
2684747192
2685922081
2686062095
2686346580
2686363162
2686415872
2687302138
2687489583
2688571764
2688802437
2689561010
2689768570
2689825954
2691924913
2692861783
2693161999
2693281555
2693841159
2694055192
2694931901
2695476671
2695834444
2697262226
2697476460
2697915789
2698209638
2700328392
2701591685
2702763619
2703818259
2704153020
2705181079
2705183411
2705275363
2705479494
2707783217
2708658220
2709182950
2709210102
2713117257
2716090996
2716592033
2718791055
2718840069
2719970146
2720538135
2721929995
2721959258
2722483413
2723476302
2725200490
2726795822
2727453611
2727503879
2727662790
2729251571
2729267203
2729594904
2729662712
2730991750
2731706948
2732128685
2732456722
2733903830
2734033224
2735203211
2735887743
2736739119
2737263869
2738642118
2739775452
2740893585
2740975358
2743877243
2745758895
2745843817
2747763791
2748195921
2748826916
2750121262
2750493141
2750989209
2751323096
2751624795
2751915312
2751934881
2754728645
2754856879
2755670642
2756170741
2756254329
2756256736
2756280553
2757861756
2758642681
2759169347
2759355576
2759576462
2760602391
2762218311
2763518271
2763921713
2765019008
2765132006
2765482729
2765796114
2766109764
2769176745
2770211081
2770920808
2772902562
2774407171
2774822562
2776243732
2777221663
2777426659
2777925948
2780085251
2780559205
2780978131
2782021687
2782941668
2783102145
2784515447
2784948038
2785496678
2785945587
2786003980
2786980745
2787908857
2788716728
2790272788
2790328102
2791529999
2791719836
2793141360
2793192478
2794088746
2794208174
2794711077
2794933779
2795467284
2798233354
2798445414
2798679593
2798971714
2801793845
2804747511
2805518508
2806309518
2808456335
2808691641
2808699771
2809883336
2813070221
2814852204
2815517151
2816762758
2819068849
2819076455
2820465856
2820920108
2824511908
2825104644
2826385757
2826516722
2827134321
2828015381
2828492169
2829533722
2829662705
2829887385
2830126613
2830197750
2831163177
2831334236
2831947610
2832025470
2832149041
2833750229
2833780480
2834444016
2835171023
2835272957
2835284024
2836786931
2837262983
2838515769
2839014250
2839258317
2839728257
2839751586
2840878462
2844054641
2844427678
2844938460
2845214360
2846797795
2846905869
2847475489
2847609301
2847752916
2847950277
2848294387
2850063635
2850190944
2850825504
2850833093
2850984500
2850989095
2851700523
2853515538
2854348311
2856392506
2856856334
2858750182
2861900615
2862921505
2863680376
2865701821
2865889052
2866576717
2866763924
2867125441
2867746892
2867831733
2869584425
2871713266
2872796741
2872852192
2873993083
2876936290
2878137559
2879237255
2879545703
2879593295
2881667443
2884082307
2886050806
2886443358
2886475867
2890480769
2892051294
2893935525
2895623153
2896195757
2896503244
2898426710
2899221514
2899493185
2900283998
2900364980
2900447817
2901120823
2901795722
2902279661
2903086250
2903692335
2903713798
2905483630
2905504777
2906037197
2906631859
2907386007
2908747400
2909016593
2909462990
2910249927
2910554814
2912000800
2912001289
2912682302
2913050117
2913352391
2913942467
2915365158
2916417742
2918465579
2918715276
2919045139
2919150218
2919286619
2921174594
2921208826
2921392051
2922447527
2922809221
2923479988
2924603278
2925184929
2925775439
2926006298
2926029009
2926585346
2927179343
2927912901
2928250200
2928904302
2929438683
2930032385
2934761415
2934833905
2935287970
2935711029
2936085739
2938528327
2938798509
2939929047
2941807029
2943742291
2943776414
2954000799
2955076519
2955998218
2958013840
2959577621
2960156951
2961708203
2961763016
2961790742
2963262631
2964941514
2965346850
2965882003
2965921584
2966325676
2966732279
2967795727
2969883063
2971784840
2972482454
2972658019
2972893716
2972950108
2976170414
2976225109
2981409470
2982592564
2985208274
2985214282
2986542865
2986760075
2986878224
2989250741
2991004131
2992264307
2993009007
2994012595
2994716644
2994802162
2995533289
2995537851
2995547916
2998364948
2998500274
3000020030
3000579923
3000719943
3000860353
3000888477
3001086392
3001643998
3002292695
3002773741
3002809924
3003246848
3004562898
3005430703
3005479306
3006238238
3006634088
3007121950
3007801927
3008945926
3010741261
3012020979
3014740130
3014826251
3014914326
3016477302
3017311586
3017538505
3017627130
3017832173
3019240811
3021373327
3021691153
3024370659
3026035059
3026511876
3027271364
3027539329
3028232357
3028752314
3029040161
3030444285
3031396082
3031884179
3032578577
3034419995
3034422649
3034993242
3035002690
3035211633
3037326276
3040101513
3040118390
3041513546
3041738231
3044696145
3046997027
3047455959
3047675859
3047827035
3047846835
3048831286
3050154331
3050864426
3052373243
3053222586
3053266674
3054672423
3055745789
3056003467
3056481610
3056842730
3057858124
3059385616
3059407793
3059542714
3059672845
3061262893
3062475234
3062650602
3062917492
3062925686
3063315833
3063427703
3066612525
3066671981
3069785090
3070595076
3071455077
3072023432
3073854980
3074430172
3075000422
3075636942
3075923154
3078420669
3078695695
3080155462
3082128395
3083016637
3083814779
3084022652
3085008620
3085106813
3085715051
3086296064
3086839858
3088020412
3088073928
3088728978
3089356073
3089667971
3091189815
3092473900
3092574359
3092968571
3093295419
3093311595
3093425503
3094293624
3097791996
3098463592
3098509311
3100053182
3100158158
3100223423
3101189291
3101778716
3102159940
3102752639
3104559441
3105051031
3105599356
3107418162
3107675132
3109299115
3113706619
3114227355
3114258310
3115278188
3117434815
3118986103
3119383600
3119828569
3121582503
3123042795
3126442492
3126940161
3127860501
3128528689
3128745809
3128950473
3129442997
3129914837
3131081780
3134872583
3135500793
3135528960
3135841117
3135915820
3139395433
3139513899
3141169450
3141543991
3141616059
3141916919
3142137525
3143471767
3143972701
3144097786
3144207743
3145362491
3147468134
3148275272
3148431534
3149906818
3150384115
3152910723
3155174111
3155878515
3156314335
3156868415
3157538894
3158363416
3159442938
3159482727
3159814488
3159963398
3160288644
3160586607
3163885725
3164397678
3164419066
3165641955
3168772142
3171525668
3171597075
3173146721
3173189438
3173418837
3173709625
3174598756
3174840599
3174895303
3175794457
3175860234
3176365298
3176693917
3177992087
3178235531
3181969925
3184532737
3184929570
3188910111
3190212539
3190370129
3192415827
3193301263
3193370476
3194636260
3195552040
3196139524
3198900689
3199741694
3200874705
3203124000
3204096178
3204385521
3204781956
3204796087
3205121293
3206253749
3206301902
3206708581
3207951289
3208963044
3209552831
3210232250
3210439151
3210971540
3211133037
3211717013
3212631263
3212896172
3213283923
3214334033
3215296044
3216731939
3217024348
3218088164
3218418327
3221952473
3223843494
3227332184
3227373177
3228468422
3229834640
3229868868
3231285007
3234131402
3236145381
3236417878
3236493329
3236805463
3237321299
3237454294
3238118221
3238698613
3239321028
3240315000
3240648142
3243108752
3245075025
3245301469
3245977984
3247529795
3247806651
3248481916
3249594973
3250247922
3251443394
3253757222
3255864094
3256663124
3256870606
3257368743
3258146613
3258233239
3259622600
3260642474
3260878686
3260969239
3264835191
3265337399
3266628341
3267188041
3268905184
3269891498
3271107222
3271626606
3271673825
3272580059
3273014269
3274708335
3276286030
3276973626
3277083080
3278077686
3278888631
3279473347
3281035102
3282688765
3282769820
3283097425
3283366737
3283935485
3285573806
3285856237
3287015347
3287107386
3287809417
3288067596
3289553136
3289660228
3290712363
3291336375
3292762951
3293362550
3293681035
3294739015
3295887183
3295913740
3296370042
3296542463
3300920494
3303544384
3304949470
3306051905
3306855360
3306945388
3308015362
3308333806
3308633622
3309879055
3310990462
3311793478
3313634678
3314149387
3314168734
3314486216
3314683223
3315765159
3315928055
3317506585
3318987132
3319512842
3319671958
3320601260
3320622238
3321240846
3325458056
3326885896
3327263545
3327313229
3328036130
3328512487
3328608432
3329802663
3330018571
3330139471
3330936233
3331468698
3331517368
3331960878
3336374096
3339587024
3340094219
3341844296
3341985492
3343040247
3343351065
3344923576
3344940318
3345560768
3346288749
3348252679
3348263122
3349720578
3350684803
3353456298
3354513475
3354551993
3354578929
3354582977
3354909575
3357795751
3357935842
3362692737
3363059423
3364804781
3365570572
3365999728
3367451378
3370589051
3370676871
3370795991
3371352502
3373665405
3373733348
3375088788
3376095974
3376708525
3379571066
3380654394
3380946162
3384319782
3384543424
3385321138
3385605294
3386170268
3386548295
3388244313
3388347557
3389185573
3392975174
3395283724
3397115257
3397951927
3397983660
3400441872
3400531056
3404156179
3404416392
3404647421
3405293873
3405378937
3406092240
3406669447
3406777359
3406926540
3407795922
3408064011
3408247077
3408362903
3409554881
3409634925
3410430527
3411704318
3412153470
3412782914
3413504263
3413970283
3414003480
3414766781
3416155794
3417256846
3417534032
3418003619
3419295537
3419935418
3420629613
3421578173
3422476250
3426038395
3427246085
3427313509
3428081754
3429019210
3429138600
3430343837
3430419235
3430504551
3431459074
3433051425
3434505101
3434879868
3434948159
3435713846
3435828720
3436072636
3436489150
3439490468
3439581256
3441236738
3444477914
3446330076
3447756316
3450039056
3451816381
3452279852
3453303927
3453546754
3453600151
3454885100
3455060164
3455101177
3456190894
3456916247
3459649951
3459730903
3462404246
3462883662
3463978624
3464934472
3465328443
3466047330
3469133297
3469250818
3471404308
3471489835
3471496653
3472878627
3474286204
3474454108
3474594399
3475172916
3476091114
3476133746
3476402328
3477162406
3478551784
3478637347
3479500321
3480976426
3481014369
3483365529
3483431529
3485079009
3485100873
3485357265
3486593588
3487474428
3488435397
3488685536
3489998855
3491162932
3492451934
3492754644
3494694653
3495138932
3496075460
3501461725
3504993522
3505821396
3506530504
3506784408
3507449939
3508173654
3508245561
3508304312
3508395090
3511864809
3512682594
3515127914
3518722625
3518864623
3519015018
3519515729
3519804004
3521875250
3524395739
3524455230
3524599340
3524704493
3525628672
3525726566
3526108735
3526431046
3526562830
3527342815
3528241079
3528376148
3529151843
3530779652
3530876555
3531250391
3531553270
3532265359
3532920035
3535758603
3536640147
3539062760
3539828815
3540938083
3542242260
3544016356
3544771127
3547523922
3548217103
3549633452
3550221434
3551275966
3553301449
3553878908
3555033463
3555748937
3556887800
3557850880
3557934848
3558691543
3559454355
3560550691
3560982731
3561153568
3561323326
3562070764
3562732383
3563071415
3565423451
3569187864
3569831600
3570414107
3571268489
3571586368
3574087899
3574132909
3574849153
3575473815
3575933396
3578139988
3579185637
3580220771
3580888043
3581639493
3582232844
3582534596
3583028356
3583289798
3584448282
3585059578
3585567207
3586829438
3587469535
3588160131
3589024570
3590005380
3591401055
3592056572
3592144239
3592304479
3592806014
3593502985
3593626793
3593946482
3594398478
3597104049
3597121231
3597129516
3598588533
3598801842
3599706054
3600599560
3600839729
3601554502
3601608299
3602087929
3602680034
3604999920
3605639887
3606537213
3606900968
3607485895
3607806885
3608557121
3608724841
3608934673
3609157143
3609716672
3611067447
3611383109
3611746780
3611897468
3611991828
3613097741
3614069682
3614205023
3614515663
3614732761
3615543708
3617003672
3617378871
3617555375
3618088827
3618880116
3619894331
3621719416
3621784791
3621824586
3622371343
3623506977
3624661022
3624714556
3625935117
3629084121
3629722935
3630181196
3631642311
3632011890
3632868404
3633411635
3635413712
3635679518
3637833244
3638046359
3639345823
3639558132
3639643353
3642443822
3643048940
3643096172
3645161289
3646726352
3647128900
3647159911
3647189802
3647394252
3648599005
3648599196
3649439961
3650283212
3651509969
3653143987
3653218525
3655251649
3655318455
3655356416
3655720655
3656064350
3657129545
3657311779
3657360630
3658459029
3660390599
3660725736
3661158090
3663435712
3665152000
3665236079
3667755365
3669941379
3671045744
3672466322
3673285881
3673443493
3673767397
3674370949
3674456591
3675009101
3675697401
3676009344
3676832951
3678559286
3679194922
3681924663
3682759842
3683212793
3684832956
3684996367
3686553071
3686945961
3687281874
3687867690
3688177445
3688363907
3689166742
3692746267
3693458995
3694023146
3697141344
3697184685
3698655011
3698849280
3698959091
3699685934
3700024462
3700392932
3701257987
3702509482
3703023156
3703250801
3705319021
3705491496
3705649458
3705826963
3706436159
3707006758
3708809960
3709511900
3710562941
3712223188
3715016387
3716187523
3716392757
3717681482
3717690015
3719612033
3719747387
3720400051
3721814517
3722278510
3725434493
3725662050
3727275801
3728830411
3733330028
3733451425
3735132005
3735420670
3735542412
3736844417
3736844830
3737639493
3738592725
3740252725
3740991668
3741320422
3742981998
3742993470
3743087555
3743384012
3743819043
3745068060
3746233969
3746911126
3748689057
3748778934
3749964748
3750607056
3750879640
3751332488
3752157221
3754252619
3755319593
3757024407
3757423543
3758064049
3759524152
3760765860
3761807109
3763560036
3764338234
3764646508
3764705179
3765767081
3766258212
3766836856
3767285148
3767837113
3768563220
3770272063
3770495384
3771777421
3772767146
3773647869
3775608399
3776139138
3779464964
3779924785
3780623684
3782156142
3783421622
3784773429
3784910120
3785031357
3788206633
3788350571
3788365702
3789839808
3791344659
3791601101
3792494818
3794189227
3795114562
3795602521
3796697089
3798469764
3799014698
3801792650
3802550192
3802765016
3803803908
3804178618
3808336953
3810443507
3811891792
3812961278
3813630137
3816525754
3816878973
3820244869
3821736545
3822640272
3822641404
3822785810
3823181152
3823244002
3823283098
3823572644
3826789362
3828398104
3828703917
3829798972
3830362358
3834229292
3836156709
3836219932
3837081178
3837276718
3839107305
3839747276
3840943787
3841156550
3841424355
3841902273
3842085149
3842130061
3842298087
3843100270
3843707734
3844567233
3844736595
3845689581
3845769492
3846585245
3846778146
3847439265
3854599180
3855108403
3856821623
3860466970
3861848104
3862001887
3865071360
3867021114
3867063754
3867779924
3869198560
3870414100
3871399477
3873151886
3874090933
3874728127
3874762448
3875862151
3876494121
3876984118
3877070983
3877590776
3877661542
3880033515
3882255162
3882354656
3884027972
3884438796
3886078578
3886528347
3889319077
3890531585
3890946863
3891537667
3891843369
3891991184
3892002486
3892241780
3895109246
3897993720
3898168738
3898685825
3898711324
3899009470
3899936139
3899938101
3901713126
3902415013
3902680436
3903712028
3906494881
3907424269
3908224837
3909988183
3912740226
3915838576
3917094911
3918190987
3918787044
3919272621
3920419103
3922267316
3923822055
3923900714
3925709263
3925763175
3926461717
3926708747
3927016589
3927523125
3929059153
3929549370
3929904264
3933709421
3933882576
3935328862
3937418279
3938968189
3940047905
3940756608
3942228023
3942728025
3943017311
3944010547
3944758729
3945566248
3945770163
3946949470
3947007716
3947326644
3947596938
3950084654
3950198111
3950263042
3950691405
3950856095
3952033210
3953536159
3954088434
3954196298
3954273120
3954976730
3955359511
3955586371
3956700354
3957444803
3959259622
3960119781
3961265147
3962775684
3963429795
3964725389
3965151904
3965224508
3965656753
3967350054
3968484655
3969783182
3970169595
3973997159
3974588220
3977426723
3979079621
3979222476
3980069303
3980410463
3981661356
3981751950
3982550105
3983823615
3984352195
3985261200
3985494991
3985651530
3985935616
3986862685
3987220587
3987231237
3987282871
3987974179
3989437715
3990301585
3991478640
3991713196
3993154858
3993576953
3993631542
3994161926
3997960119
3998164527
3998907496
4000182456
4000541755
4002966676
4003568918
4004246973
4004277247
4004430456
4005457203
4005770989
4005908719
4007058387
4008480443
4009461931
4009844719
4010175692
4010679281
4012560442
4013040424
4014650589
4015300016
4015507228
4017199453
4019503437
4019586734
4020031011
4021752865
4023696939
4023779604
4023986146
4024121301
4025640782
4026599971
4027048717
4030731706
4031487330
4032519662
4033186739
4033320626
4033931924
4034472112
4035012717
4035887575
4036726424
4036891603
4037893955
4038177476
4038282871
4038464707
4039571904
4041281868
4041430601
4042946952
4043196056
4043196190
4043510690
4044204980
4044497335
4044897678
4045793718
4048252330
4049456943
4050323823
4052224871
4054914242
4055751171
4055853017
4056823712
4057078823
4057260553
4059883033
4062202922
4062677073
4063159853
4063363293
4064591240
4064778784
4065121114
4065312052
4071992433
4073661395
4074416320
4075568587
4076436495
4076437484
4077389898
4078041677
4078571142
4078734637
4079691665
4080478947
4081495820
4081824302
4082511103
4082618666
4082754399
4082782775
4083175120
4083281132
4083465466
4084256561
4084562033
4085635261
4085952576
4086408752
4087038354
4087141227
4088741370
4090478683
4090755352
4093468651
4094043671
4095075620
4096209863
4096893566
4097425796
4097833463
4097917548
4098054999
4099671006
4106566858
4108300524
4108369956
4108532729
4109354609
4109942291
4110266984
4111274353
4112498032
4113416178
4114653448
4114743498
4114798719
4115302496
4115455226
4115463395
4116102658
4116565186
4117674622
4117925792
4118603487
4120782581
4123196515
4124786503
4129148941
4129414245
4129544493
4129894858
4130773225
4130861440
4131683560
4132067277
4132067392
4132347727
4132784727
4133229832
4133574100
4133759912
4135405740
4137343660
4139115400
4140749087
4141941451
4142736372
4143021647
4144091160
4145979456
4148514271
4148516006
4149995383
4152294430
4152970218
4155293407
4155497973
4156131244
4156202135
4156352157
4156436760
4156763743
4158529195
4158606322
4160400607
4160401300
4163033502
4163610610
4165806915
4167514915
4167557866
4169015346
4169316653
4171721495
4171984790
4172316898
4172987590
4173163925
4173549020
4173994756
4175013209
4175316653
4176651184
4178517667
4178969167
4179444284
4180765163
4181360478
4182555989
4183083767
4185661383
4186982560
4187187734
4187464425
4188190326
4188854744
4189202849
4190737597
4191068634
4191320009
4194425409
4196383935
4196425395
4197357923
4199149225
4202461118
4205541181
4205757726
4207323382
4207692645
4207940709
4209757591
4211046166
4212229379
4212808011
4215181463
4215296620
4215297437
4215836436
4221869507
4222459244
4222460483
4222901282
4222987526
4224019466
4224307868
4224622326
4224923055
4224933605
4225078376
4226119316
4228251618
4228688186
4228885550
4229403044
4231782415
4231917749
4232699924
4233392485
4233792744
4234008227
4235364723
4235714149
4236360464
4237943063
4238397427
4238781028
4238870028
4238931609
4239846453
4242027533
4243334833
4243818477
4244426684
4244632279
4245390605
4246295640
4248941709
4251049568
4252108903
4252234564
4252298766
4254513130
4255074655
4256136702
4258167778
4260055126
4260404515
4261317901
4263091865
4263471798
4264205486
4265471460
4265530052
4268935031
4269832625
4270672966
4272025794
4273936980
4275826132
4275845088
4276058963
4276190597
4277231926
4277721907
4280072707
4281544911
4284747443
4284835343
4286003473
4286298308
4287805825
4288707762
4290038773
4290903400
4291246752
4291384516
4292511517
4292631214
4292764133
4294041692
4294245045
